LECROYWR104MXi,22915,Waveform
Segments,1,SegmentSize,2002
Segment,TrigTime,TimeSinceSegment1
#1,15-Mar-2016 07:34:14,0                 
Time,Ampl
-2.164849e-008,-0.000189433
-2.154849e-008,0.00301044
-2.144849e-008,-0.00338931
-2.134849e-008,0.00301044
-2.124849e-008,-0.00338931
-2.114849e-008,-0.00658919
-2.104849e-008,-0.00658919
-2.094849e-008,-0.00658919
-2.084849e-008,-0.00658919
-2.074849e-008,-0.000189433
-2.064849e-008,-0.00338931
-2.054849e-008,-0.00338931
-2.044849e-008,-0.00338931
-2.034849e-008,-0.00338931
-2.024849e-008,0.00301044
-2.014849e-008,-0.00658919
-2.004849e-008,-0.00338931
-1.994849e-008,-0.00338931
-1.984849e-008,0.00301044
-1.974849e-008,-0.00338931
-1.964849e-008,-0.00338931
-1.954849e-008,-0.0129889
-1.944849e-008,-0.00978906
-1.934849e-008,-0.00658919
-1.924849e-008,-0.00978906
-1.914849e-008,-0.00978906
-1.904849e-008,-0.00658919
-1.894849e-008,-0.00978906
-1.884849e-008,-0.00658919
-1.874849e-008,-0.0129889
-1.864849e-008,-0.00338931
-1.854849e-008,-0.00658919
-1.844849e-008,0.00301044
-1.834849e-008,-0.000189433
-1.824849e-008,-0.000189433
-1.814849e-008,-0.000189433
-1.804849e-008,0.00301044
-1.794849e-008,0.00301044
-1.784849e-008,0.00301044
-1.774849e-008,-0.00338931
-1.764849e-008,-0.00658919
-1.754849e-008,-0.00978906
-1.744849e-008,-0.00978906
-1.734849e-008,-0.00978906
-1.724849e-008,-0.00658919
-1.714849e-008,-0.00658919
-1.704849e-008,-0.00338931
-1.694849e-008,-0.00338931
-1.684849e-008,-0.00338931
-1.674849e-008,-0.000189433
-1.664849e-008,-0.00658919
-1.654849e-008,-0.00658919
-1.644849e-008,-0.00338931
-1.634849e-008,-0.00338931
-1.624849e-008,-0.00338931
-1.614849e-008,-0.00978906
-1.604849e-008,-0.00338931
-1.594849e-008,-0.00658919
-1.584849e-008,-0.000189433
-1.574849e-008,0.00301044
-1.564849e-008,-0.00658919
-1.554849e-008,-0.00978906
-1.544849e-008,-0.00338931
-1.534849e-008,-0.00338931
-1.524849e-008,-0.000189433
-1.514849e-008,-0.000189433
-1.504849e-008,-0.000189433
-1.494849e-008,-0.00658919
-1.484849e-008,-0.00978906
-1.474849e-008,-0.00978906
-1.464849e-008,-0.0129889
-1.454849e-008,-0.0129889
-1.444849e-008,-0.00978906
-1.434849e-008,-0.0161888
-1.424849e-008,-0.0161888
-1.414849e-008,-0.0129889
-1.404849e-008,-0.00978906
-1.394849e-008,-0.00658919
-1.384849e-008,-0.00658919
-1.374849e-008,-0.00658919
-1.364849e-008,-0.00658919
-1.354849e-008,-0.00338931
-1.344849e-008,-0.00338931
-1.334849e-008,-0.000189433
-1.324849e-008,-0.00338931
-1.314849e-008,-0.00338931
-1.304849e-008,-0.00338931
-1.294849e-008,-0.00338931
-1.284849e-008,-0.00338931
-1.274849e-008,-0.00338931
-1.264849e-008,0.00621032
-1.254849e-008,-0.000189433
-1.244849e-008,-0.000189433
-1.234849e-008,-0.00978906
-1.224849e-008,-0.00338931
-1.214849e-008,-0.00658919
-1.204849e-008,-0.000189433
-1.194849e-008,0.00301044
-1.184849e-008,0.00621032
-1.174849e-008,0.0126101
-1.164849e-008,0.0126101
-1.154849e-008,0.00301044
-1.144849e-008,-0.000189433
-1.134849e-008,-0.00338931
-1.124849e-008,-0.000189433
-1.114849e-008,-0.00338931
-1.104849e-008,-0.000189433
-1.094849e-008,-0.00338931
-1.084849e-008,-0.0129889
-1.074849e-008,-0.00338931
-1.064849e-008,-0.00338931
-1.054849e-008,-0.00338931
-1.044849e-008,-0.00338931
-1.034849e-008,-0.00338931
-1.024849e-008,-0.00978906
-1.014849e-008,-0.0161888
-1.004849e-008,-0.0161888
-9.948488e-009,-0.0161888
-9.848488e-009,-0.0161888
-9.748488e-009,-0.0129889
-9.648488e-009,-0.0129889
-9.548488e-009,-0.0193887
-9.448488e-009,-0.0193887
-9.348488e-009,-0.0161888
-9.248488e-009,-0.00978906
-9.148488e-009,-0.0129889
-9.048488e-009,-0.00978906
-8.948488e-009,-0.0129889
-8.848488e-009,-0.0129889
-8.748488e-009,-0.00658919
-8.648488e-009,-0.00338931
-8.548488e-009,-0.00338931
-8.448488e-009,-0.00658919
-8.348488e-009,-0.00978906
-8.248488e-009,-0.00978906
-8.148488e-009,-0.00978906
-8.048488e-009,0.00301044
-7.948488e-009,-0.000189433
-7.848488e-009,-0.00338931
-7.748488e-009,-0.00978906
-7.648488e-009,-0.00338931
-7.548488e-009,-0.000189433
-7.448488e-009,0.00301044
-7.348488e-009,-0.00338931
-7.248488e-009,-0.000189433
-7.148488e-009,-0.000189433
-7.048488e-009,-0.00338931
-6.948488e-009,0.00301044
-6.848488e-009,0.00621032
-6.748488e-009,0.00301044
-6.648488e-009,-0.000189433
-6.548488e-009,-0.000189433
-6.448488e-009,-0.000189433
-6.348488e-009,-0.00338931
-6.248488e-009,-0.000189433
-6.148488e-009,-0.000189433
-6.048488e-009,-0.000189433
-5.948488e-009,-0.00338931
-5.848488e-009,-0.00338931
-5.748488e-009,-0.000189433
-5.648488e-009,0.00301044
-5.548488e-009,0.00301044
-5.448488e-009,0.00301044
-5.348488e-009,-0.00338931
-5.248488e-009,-0.000189433
-5.148488e-009,0.00301044
-5.048488e-009,0.00621032
-4.948488e-009,-0.000189433
-4.848488e-009,-0.00338931
-4.748488e-009,-0.00658919
-4.648488e-009,-0.00978906
-4.548488e-009,-0.00978906
-4.448488e-009,-0.00338931
-4.348488e-009,-0.00658919
-4.248488e-009,-0.00658919
-4.148488e-009,-0.00658919
-4.048488e-009,-0.00338931
-3.948488e-009,-0.00658919
-3.848488e-009,-0.00338931
-3.748488e-009,-0.00658919
-3.648488e-009,-0.00978906
-3.548488e-009,-0.0129889
-3.448488e-009,-0.0161888
-3.348488e-009,-0.00978906
-3.248488e-009,-0.00338931
-3.148488e-009,-0.000189433
-3.048488e-009,-0.00658919
-2.948488e-009,-0.0129889
-2.848488e-009,-0.00658919
-2.748488e-009,-0.00338931
-2.648488e-009,-0.00338931
-2.548488e-009,-0.00338931
-2.448488e-009,-0.000189433
-2.348488e-009,0.00301044
-2.248488e-009,0.0126101
-2.148488e-009,0.01581
-2.048488e-009,0.0094102
-1.948488e-009,0.0094102
-1.848488e-009,-0.000189433
-1.748488e-009,-0.00658919
-1.648488e-009,-0.00978906
-1.548488e-009,-0.00978906
-1.448488e-009,-0.0129889
-1.348488e-009,-0.0129889
-1.248488e-009,-0.00978906
-1.148488e-009,-0.0161888
-1.048488e-009,-0.00978906
-9.484885e-010,-0.00978906
-8.484885e-010,-0.000189433
-7.484885e-010,-0.00658919
-6.484885e-010,-0.00658919
-5.484885e-010,-0.0129889
-4.484885e-010,-0.00338931
-3.484885e-010,-0.00338931
-2.484885e-010,0.00621032
-1.484885e-010,0.0094102
-4.848848e-011,0.01581
5.151152e-011,0.0382091
1.515115e-010,0.0542085
2.515115e-010,0.0766076
3.515115e-010,0.0798075
4.515115e-010,0.0830074
5.515115e-010,0.0766076
6.515115e-010,0.0734077
7.515115e-010,0.0702079
8.515115e-010,0.0574084
9.515115e-010,0.0510086
1.051512e-009,0.0350092
1.151512e-009,0.0286095
1.251512e-009,0.0286095
1.351512e-009,0.0286095
1.451512e-009,0.0318093
1.551512e-009,0.0254096
1.651512e-009,0.0286095
1.751512e-009,0.0254096
1.851512e-009,0.0222097
1.951512e-009,0.01581
2.051512e-009,0.0094102
2.151512e-009,0.01581
2.251512e-009,0.0126101
2.351512e-009,0.0126101
2.451512e-009,0.0190098
2.551512e-009,0.01581
2.651512e-009,0.01581
2.751512e-009,0.0190098
2.851512e-009,0.0126101
2.951512e-009,0.0126101
3.051512e-009,0.0126101
3.151512e-009,0.0190098
3.251512e-009,0.0254096
3.351512e-009,0.0190098
3.451512e-009,0.0190098
3.551512e-009,0.01581
3.651512e-009,0.0126101
3.751512e-009,0.0126101
3.851512e-009,0.0126101
3.951512e-009,0.00621032
4.051512e-009,0.0094102
4.151512e-009,0.0094102
4.251512e-009,0.0126101
4.351512e-009,0.0126101
4.451512e-009,0.0126101
4.551512e-009,0.01581
4.651512e-009,0.00621032
4.751512e-009,0.0094102
4.851512e-009,0.0094102
4.951512e-009,0.00621032
5.051512e-009,0.0094102
5.151512e-009,0.00301044
5.251512e-009,0.00621032
5.351512e-009,0.0094102
5.451512e-009,0.00621032
5.551512e-009,0.0094102
5.651512e-009,0.0126101
5.751512e-009,0.00301044
5.851512e-009,0.00621032
5.951512e-009,0.0094102
6.051512e-009,0.01581
6.151512e-009,0.0190098
6.251512e-009,0.0126101
6.351512e-009,0.0126101
6.451512e-009,0.00621032
6.551512e-009,0.00621032
6.651512e-009,-0.000189433
6.751512e-009,0.00301044
6.851512e-009,0.00621032
6.951512e-009,0.00621032
7.051512e-009,0.00621032
7.151512e-009,0.00301044
7.251512e-009,0.0094102
7.351512e-009,0.01581
7.451512e-009,0.01581
7.551512e-009,0.0094102
7.651512e-009,0.00621032
7.751512e-009,0.0094102
7.851512e-009,0.00301044
7.951512e-009,0.00301044
8.051512e-009,-0.000189433
8.151512e-009,0.0094102
8.251512e-009,0.00621032
8.351512e-009,0.00621032
8.451512e-009,0.00621032
8.551512e-009,0.0094102
8.651512e-009,0.0190098
8.751512e-009,0.0222097
8.851512e-009,0.0222097
8.951512e-009,0.0126101
9.051512e-009,0.00301044
9.151512e-009,0.00621032
9.251512e-009,0.00301044
9.351512e-009,0.00621032
9.451512e-009,0.0126101
9.551512e-009,0.0094102
9.651512e-009,0.0126101
9.751512e-009,0.0094102
9.851512e-009,0.0094102
9.951512e-009,0.00621032
1.005151e-008,-0.00338931
1.015151e-008,0.00301044
1.025151e-008,0.00621032
1.035151e-008,-0.00338931
1.045151e-008,0.00621032
1.055151e-008,0.00621032
1.065151e-008,0.0094102
1.075151e-008,0.00301044
1.085151e-008,0.00301044
1.095151e-008,0.00301044
1.105151e-008,-0.000189433
1.115151e-008,0.0094102
1.125151e-008,0.00621032
1.135151e-008,0.00621032
1.145151e-008,0.0126101
1.155151e-008,0.0190098
1.165151e-008,0.0190098
1.175151e-008,0.0190098
1.185151e-008,0.01581
1.195151e-008,0.01581
1.205151e-008,0.00301044
1.215151e-008,0.00621032
1.225151e-008,0.0126101
1.235151e-008,0.0126101
1.245151e-008,0.0094102
1.255151e-008,0.0094102
1.265151e-008,0.0126101
1.275151e-008,0.0094102
1.285151e-008,0.00301044
1.295151e-008,-0.000189433
1.305151e-008,-0.000189433
1.315151e-008,0.00301044
1.325151e-008,0.00621032
1.335151e-008,0.0094102
1.345151e-008,0.0126101
1.355151e-008,0.0126101
1.365151e-008,0.0094102
1.375151e-008,0.0094102
1.385151e-008,0.0094102
1.395151e-008,0.0126101
1.405151e-008,0.0094102
1.415151e-008,0.00621032
1.425151e-008,0.00621032
1.435151e-008,0.00621032
1.445151e-008,0.0094102
1.455151e-008,0.00301044
1.465151e-008,0.00301044
1.475151e-008,0.0094102
1.485151e-008,0.00621032
1.495151e-008,0.00301044
1.505151e-008,0.00301044
1.515151e-008,-0.00338931
1.525151e-008,-0.00338931
1.535151e-008,-0.000189433
1.545151e-008,-0.00338931
1.555151e-008,0.00301044
1.565151e-008,-0.00338931
1.575151e-008,-0.00338931
1.585151e-008,-0.00338931
1.595151e-008,0.00301044
1.605151e-008,-0.000189433
1.615151e-008,0.00621032
1.625151e-008,0.0126101
1.635151e-008,0.00621032
1.645151e-008,-0.000189433
1.655151e-008,0.00621032
1.665151e-008,0.0094102
1.675151e-008,0.01581
1.685151e-008,0.01581
1.695151e-008,0.0222097
1.705151e-008,0.0254096
1.715151e-008,0.0190098
1.725151e-008,0.0126101
1.735151e-008,0.0126101
1.745151e-008,0.0126101
1.755151e-008,0.0126101
1.765151e-008,0.0126101
1.775151e-008,0.0190098
1.785151e-008,0.0126101
1.795151e-008,0.0126101
1.805151e-008,0.00621032
1.815151e-008,-0.000189433
1.825151e-008,0.00301044
1.835151e-008,0.00301044
1.845151e-008,0.00301044
1.855151e-008,0.00621032
1.865151e-008,0.00621032
1.875151e-008,0.0094102
1.885151e-008,0.01581
1.895151e-008,0.0094102
1.905151e-008,0.0094102
1.915151e-008,0.0126101
1.925151e-008,0.00301044
1.935151e-008,0.00621032
1.945151e-008,0.00621032
1.955151e-008,0.00301044
1.965151e-008,-0.000189433
1.975151e-008,0.00621032
1.985151e-008,0.00301044
1.995151e-008,0.00621032
2.005151e-008,0.00621032
2.015151e-008,0.00301044
2.025151e-008,-0.000189433
2.035151e-008,-0.00338931
2.045151e-008,-0.0129889
2.055151e-008,-0.0129889
2.065151e-008,-0.00658919
2.075151e-008,-0.00338931
2.085151e-008,-0.00338931
2.095151e-008,0.00621032
2.105151e-008,0.00301044
2.115151e-008,0.00301044
2.125151e-008,0.00621032
2.135151e-008,-0.000189433
2.145151e-008,-0.000189433
2.155151e-008,-0.00338931
2.165151e-008,-0.00338931
2.175151e-008,0.00301044
2.185151e-008,0.0094102
2.195151e-008,0.00301044
2.205151e-008,0.00621032
2.215151e-008,0.0094102
2.225151e-008,0.00621032
2.235151e-008,0.0094102
2.245151e-008,0.00301044
2.255151e-008,-0.000189433
2.265151e-008,-0.000189433
2.275151e-008,0.0094102
2.285151e-008,0.0126101
2.295151e-008,0.0126101
2.305151e-008,0.0190098
2.315151e-008,0.0094102
2.325151e-008,0.01581
2.335151e-008,0.0094102
2.345151e-008,0.0126101
2.355151e-008,0.00621032
2.365151e-008,0.01581
2.375151e-008,0.0094102
2.385151e-008,0.00621032
2.395151e-008,0.0094102
2.405151e-008,0.0094102
2.415151e-008,0.00621032
2.425151e-008,-0.00338931
2.435151e-008,0.00301044
2.445151e-008,-0.000189433
2.455151e-008,0.00301044
2.465151e-008,-0.000189433
2.475151e-008,0.00301044
2.485151e-008,0.0094102
2.495151e-008,0.00301044
2.505151e-008,-0.000189433
2.515151e-008,0.00621032
2.525151e-008,0.00301044
2.535151e-008,0.00621032
2.545151e-008,-0.000189433
2.555151e-008,-0.000189433
2.565151e-008,-0.000189433
2.575151e-008,0.00301044
2.585151e-008,-0.000189433
2.595151e-008,0.00621032
2.605151e-008,0.0094102
2.615151e-008,0.00301044
2.625151e-008,-0.000189433
2.635151e-008,0.00621032
2.645151e-008,0.00621032
2.655151e-008,0.00301044
2.665151e-008,-0.000189433
2.675151e-008,0.00301044
2.685151e-008,-0.00338931
2.695151e-008,-0.00338931
2.705151e-008,-0.000189433
2.715151e-008,-0.00338931
2.725151e-008,-0.00658919
2.735151e-008,-0.000189433
2.745151e-008,-0.00338931
2.755151e-008,0.00301044
2.765151e-008,-0.00338931
2.775151e-008,-0.00658919
2.785151e-008,-0.000189433
2.795151e-008,-0.000189433
2.805151e-008,-0.000189433
2.815151e-008,0.00301044
2.825151e-008,0.00301044
2.835151e-008,0.0094102
2.845151e-008,0.0094102
2.855151e-008,0.0094102
2.865151e-008,0.00301044
2.875151e-008,0.00301044
2.885151e-008,0.00301044
2.895151e-008,0.00621032
2.905151e-008,0.0126101
2.915151e-008,0.0094102
2.925151e-008,0.00621032
2.935151e-008,0.0094102
2.945151e-008,0.0094102
2.955151e-008,0.00621032
2.965151e-008,-0.000189433
2.975151e-008,-0.00338931
2.985151e-008,-0.00658919
2.995151e-008,-0.00658919
3.005151e-008,-0.00978906
3.015151e-008,-0.00658919
3.025151e-008,-0.00658919
3.035151e-008,-0.00658919
3.045151e-008,-0.00658919
3.055151e-008,0.00301044
3.065151e-008,-0.00338931
3.075151e-008,-0.00338931
3.085151e-008,-0.00658919
3.095151e-008,-0.00658919
3.105151e-008,-0.00338931
3.115151e-008,-0.000189433
3.125151e-008,0.0094102
3.135151e-008,0.0126101
3.145151e-008,0.0126101
3.155151e-008,0.00301044
3.165151e-008,0.00301044
3.175151e-008,0.00621032
3.185151e-008,0.00301044
3.195151e-008,-0.000189433
3.205151e-008,-0.00338931
3.215151e-008,-0.000189433
3.225151e-008,0.00301044
3.235151e-008,0.0094102
3.245151e-008,0.00301044
3.255151e-008,0.00301044
3.265151e-008,-0.00338931
3.275151e-008,-0.00338931
3.285151e-008,-0.00338931
3.295151e-008,-0.00658919
3.305151e-008,-0.00658919
3.315151e-008,-0.00338931
3.325151e-008,-0.00338931
3.335151e-008,-0.000189433
3.345151e-008,-0.00338931
3.355151e-008,-0.00658919
3.365151e-008,-0.00658919
3.375151e-008,-0.00658919
3.385151e-008,-0.00338931
3.395151e-008,-0.000189433
3.405151e-008,-0.00338931
3.415151e-008,-0.00658919
3.425151e-008,-0.000189433
3.435151e-008,-0.000189433
3.445151e-008,-0.00338931
3.455151e-008,-0.000189433
3.465151e-008,0.00621032
3.475151e-008,0.00621032
3.485151e-008,0.00621032
3.495151e-008,0.00301044
3.505151e-008,-0.000189433
3.515151e-008,-0.000189433
3.525151e-008,-0.00338931
3.535151e-008,-0.00338931
3.545151e-008,-0.00658919
3.555151e-008,-0.00338931
3.565151e-008,0.00301044
3.575151e-008,0.0094102
3.585151e-008,0.00621032
3.595151e-008,0.00621032
3.605151e-008,-0.000189433
3.615151e-008,-0.00338931
3.625151e-008,0.00301044
3.635151e-008,0.00301044
3.645151e-008,0.0094102
3.655151e-008,0.00621032
3.665151e-008,0.00301044
3.675151e-008,-0.000189433
3.685151e-008,0.00301044
3.695151e-008,0.00621032
3.705151e-008,-0.00338931
3.715151e-008,-0.00658919
3.725151e-008,-0.00658919
3.735151e-008,-0.00658919
3.745151e-008,-0.00658919
3.755151e-008,-0.000189433
3.765151e-008,-0.00338931
3.775151e-008,-0.000189433
3.785151e-008,-0.00658919
3.795151e-008,-0.00338931
3.805151e-008,-0.00338931
3.815151e-008,-0.00338931
3.825151e-008,-0.00978906
3.835151e-008,-0.00978906
3.845151e-008,-0.00338931
3.855151e-008,-0.00338931
3.865151e-008,-0.00338931
3.875151e-008,-0.000189433
3.885151e-008,0.00301044
3.895151e-008,0.00301044
3.905151e-008,-0.000189433
3.915151e-008,0.00301044
3.925151e-008,0.00621032
3.935151e-008,-0.000189433
3.945151e-008,0.00301044
3.955151e-008,-0.000189433
3.965151e-008,0.00621032
3.975151e-008,-0.000189433
3.985151e-008,-0.000189433
3.995151e-008,-0.00338931
4.005151e-008,-0.00658919
4.015151e-008,-0.00658919
4.025151e-008,-0.0129889
4.035151e-008,-0.0129889
4.045151e-008,-0.00978906
4.055151e-008,-0.000189433
4.065151e-008,-0.00338931
4.075151e-008,0.00301044
4.085151e-008,0.00621032
4.095151e-008,0.0094102
4.105151e-008,0.0094102
4.115151e-008,0.00301044
4.125151e-008,-0.00658919
4.135151e-008,-0.00338931
4.145151e-008,-0.00658919
4.155151e-008,-0.00338931
4.165151e-008,-0.00658919
4.175151e-008,-0.000189433
4.185151e-008,0.00301044
4.195151e-008,0.00621032
4.205151e-008,0.00621032
4.215151e-008,0.00621032
4.225151e-008,-0.000189433
4.235151e-008,-0.00338931
4.245151e-008,-0.00338931
4.255151e-008,-0.00338931
4.265151e-008,-0.00338931
4.275151e-008,0.00301044
4.285151e-008,-0.00338931
4.295151e-008,-0.000189433
4.305151e-008,-0.000189433
4.315151e-008,0.00301044
4.325151e-008,-0.000189433
4.335151e-008,-0.00658919
4.345151e-008,-0.00978906
4.355151e-008,-0.00658919
4.365151e-008,-0.00338931
4.375151e-008,-0.00338931
4.385151e-008,-0.00658919
4.395151e-008,-0.00338931
4.405151e-008,-0.00338931
4.415151e-008,-0.00338931
4.425151e-008,-0.00338931
4.435151e-008,-0.000189433
4.445151e-008,-0.000189433
4.455151e-008,-0.00338931
4.465151e-008,-0.000189433
4.475151e-008,-0.000189433
4.485151e-008,-0.00338931
4.495151e-008,-0.00658919
4.505151e-008,-0.00338931
4.515151e-008,0.00301044
4.525151e-008,-0.000189433
4.535151e-008,0.00301044
4.545151e-008,0.00621032
4.555151e-008,-0.00338931
4.565151e-008,-0.00658919
4.575151e-008,-0.00338931
4.585151e-008,-0.000189433
4.595151e-008,-0.000189433
4.605151e-008,-0.00338931
4.615151e-008,0.00301044
4.625151e-008,-0.00338931
4.635151e-008,-0.00338931
4.645151e-008,-0.00338931
4.655151e-008,-0.00338931
4.665151e-008,-0.00658919
4.675151e-008,-0.0129889
4.685151e-008,-0.0129889
4.695151e-008,-0.00658919
4.705151e-008,-0.00338931
4.715151e-008,0.00301044
4.725151e-008,-0.000189433
4.735151e-008,-0.00338931
4.745151e-008,-0.00338931
4.755151e-008,-0.000189433
4.765151e-008,-0.00658919
4.775151e-008,-0.00338931
4.785151e-008,-0.00658919
4.795151e-008,-0.000189433
4.805151e-008,-0.000189433
4.815151e-008,0.00621032
4.825151e-008,0.0094102
4.835151e-008,0.0094102
4.845151e-008,-0.000189433
4.855151e-008,-0.000189433
4.865151e-008,0.00301044
4.875151e-008,-0.000189433
4.885151e-008,0.0094102
4.895151e-008,0.0094102
4.905151e-008,0.01581
4.915151e-008,0.00621032
4.925151e-008,-0.00338931
4.935151e-008,-0.000189433
4.945151e-008,-0.00338931
4.955151e-008,-0.00658919
4.965151e-008,-0.00978906
4.975151e-008,-0.00338931
4.985151e-008,0.00301044
4.995151e-008,0.00301044
5.005151e-008,-0.00658919
5.015151e-008,-0.00978906
5.025151e-008,-0.0129889
5.035151e-008,-0.00658919
5.045151e-008,-0.000189433
5.055151e-008,0.00301044
5.065151e-008,0.00301044
5.075151e-008,0.00301044
5.085151e-008,-0.00338931
5.095151e-008,-0.00338931
5.105151e-008,-0.00978906
5.115151e-008,-0.00658919
5.125151e-008,-0.000189433
5.135151e-008,0.0094102
5.145151e-008,0.00301044
5.155151e-008,0.00301044
5.165151e-008,-0.00338931
5.175151e-008,-0.00978906
5.185151e-008,-0.0129889
5.195151e-008,-0.00658919
5.205151e-008,-0.00338931
5.215151e-008,-0.000189433
5.225151e-008,-0.00338931
5.235151e-008,-0.00658919
5.245151e-008,-0.00658919
5.255151e-008,-0.00658919
5.265151e-008,-0.0129889
5.275151e-008,-0.0161888
5.285151e-008,-0.0161888
5.295151e-008,-0.00978906
5.305151e-008,-0.00978906
5.315151e-008,-0.00338931
5.325151e-008,-0.00338931
5.335151e-008,-0.000189433
5.345151e-008,-0.000189433
5.355151e-008,-0.000189433
5.365151e-008,-0.000189433
5.375151e-008,0.00621032
5.385151e-008,-0.000189433
5.395151e-008,-0.000189433
5.405151e-008,-0.00338931
5.415151e-008,-0.000189433
5.425151e-008,0.00301044
5.435151e-008,0.00301044
5.445151e-008,-0.00978906
5.455151e-008,-0.00658919
5.465151e-008,-0.0129889
5.475151e-008,-0.0193887
5.485151e-008,-0.0161888
5.495151e-008,-0.00978906
5.505151e-008,-0.00658919
5.515151e-008,-0.00338931
5.525151e-008,-0.00338931
5.535151e-008,-0.000189433
5.545151e-008,-0.00338931
5.555151e-008,-0.00338931
5.565151e-008,-0.00338931
5.575151e-008,-0.00978906
5.585151e-008,-0.00658919
5.595151e-008,-0.00658919
5.605151e-008,-0.00978906
5.615151e-008,-0.00338931
5.625151e-008,-0.00338931
5.635151e-008,0.00621032
5.645151e-008,-0.00338931
5.655151e-008,-0.000189433
5.665151e-008,0.00301044
5.675151e-008,-0.000189433
5.685151e-008,-0.00338931
5.695151e-008,-0.00338931
5.705151e-008,-0.00338931
5.715151e-008,-0.00338931
5.725151e-008,-0.000189433
5.735151e-008,0.00301044
5.745151e-008,0.00621032
5.755151e-008,-0.000189433
5.765151e-008,-0.00658919
5.775151e-008,-0.00978906
5.785151e-008,-0.00658919
5.795151e-008,-0.00658919
5.805151e-008,-0.00338931
5.815151e-008,-0.00338931
5.825151e-008,-0.0161888
5.835151e-008,-0.00978906
5.845151e-008,-0.00658919
5.855151e-008,-0.00658919
5.865151e-008,-0.0129889
5.875151e-008,-0.00658919
5.885151e-008,-0.00658919
5.895151e-008,-0.00338931
5.905151e-008,-0.000189433
5.915151e-008,-0.000189433
5.925151e-008,-0.00338931
5.935151e-008,-0.000189433
5.945151e-008,-0.000189433
5.955151e-008,-0.00338931
5.965151e-008,-0.000189433
5.975151e-008,-0.000189433
5.985151e-008,0.00621032
5.995151e-008,0.00621032
6.005151e-008,0.00621032
6.015151e-008,0.0094102
6.025151e-008,0.0094102
6.035151e-008,0.00621032
6.045151e-008,-0.00338931
6.055151e-008,-0.000189433
6.065151e-008,-0.00338931
6.075151e-008,-0.00338931
6.085151e-008,0.00621032
6.095151e-008,0.0094102
6.105151e-008,-0.000189433
6.115151e-008,-0.00658919
6.125151e-008,-0.00658919
6.135151e-008,-0.00658919
6.145151e-008,-0.00978906
6.155151e-008,-0.00338931
6.165151e-008,-0.00978906
6.175151e-008,-0.0129889
6.185151e-008,-0.0129889
6.195151e-008,-0.00658919
6.205151e-008,-0.00338931
6.215151e-008,-0.00338931
6.225151e-008,-0.00658919
6.235151e-008,-0.00338931
6.245151e-008,-0.00338931
6.255151e-008,-0.00658919
6.265151e-008,-0.00338931
6.275151e-008,0.00301044
6.285151e-008,0.0094102
6.295151e-008,0.00301044
6.305151e-008,0.00301044
6.315151e-008,0.00301044
6.325151e-008,0.00301044
6.335151e-008,-0.000189433
6.345151e-008,-0.00338931
6.355151e-008,0.00301044
6.365151e-008,-0.00338931
6.375151e-008,-0.00338931
6.385151e-008,-0.00658919
6.395151e-008,-0.00338931
6.405151e-008,-0.00338931
6.415151e-008,-0.00338931
6.425151e-008,-0.00338931
6.435151e-008,-0.00338931
6.445151e-008,-0.00658919
6.455151e-008,-0.00658919
6.465151e-008,-0.00978906
6.475151e-008,-0.0129889
6.485151e-008,-0.00658919
6.495151e-008,-0.00338931
6.505151e-008,-0.00658919
6.515151e-008,-0.000189433
6.525151e-008,-0.00338931
6.535151e-008,-0.00338931
6.545151e-008,-0.00978906
6.555151e-008,-0.00978906
6.565151e-008,-0.00978906
6.575151e-008,-0.00658919
6.585151e-008,-0.00658919
6.595151e-008,-0.000189433
6.605151e-008,-0.00338931
6.615151e-008,0.00301044
6.625151e-008,-0.000189433
6.635151e-008,-0.00338931
6.645151e-008,-0.00338931
6.655151e-008,0.00301044
6.665151e-008,0.00621032
6.675151e-008,0.0094102
6.685151e-008,0.00621032
6.695151e-008,-0.00338931
6.705151e-008,-0.00338931
6.715151e-008,-0.000189433
6.725151e-008,-0.00658919
6.735151e-008,-0.000189433
6.745151e-008,0.00621032
6.755151e-008,-0.000189433
6.765151e-008,-0.00338931
6.775151e-008,-0.00978906
6.785151e-008,-0.00978906
6.795151e-008,-0.00978906
6.805151e-008,-0.0161888
6.815151e-008,-0.00658919
6.825151e-008,-0.00658919
6.835151e-008,-0.000189433
6.845151e-008,-0.00338931
6.855151e-008,0.00301044
6.865151e-008,-0.000189433
6.875151e-008,-0.000189433
6.885151e-008,-0.00658919
6.895151e-008,0.00301044
6.905151e-008,-0.00658919
6.915151e-008,-0.00338931
6.925151e-008,-0.00658919
6.935151e-008,-0.00338931
6.945151e-008,-0.000189433
6.955151e-008,-0.000189433
6.965151e-008,0.00301044
6.975151e-008,-0.00338931
6.985151e-008,-0.00338931
6.995151e-008,-0.00338931
7.005151e-008,-0.00338931
7.015151e-008,0.00301044
7.025151e-008,0.00301044
7.035151e-008,0.0094102
7.045151e-008,0.00621032
7.055151e-008,-0.000189433
7.065151e-008,-0.00658919
7.075151e-008,-0.00338931
7.085151e-008,-0.0129889
7.095151e-008,-0.00978906
7.105151e-008,-0.00978906
7.115151e-008,-0.0129889
7.125151e-008,-0.0129889
7.135151e-008,-0.00978906
7.145151e-008,-0.00658919
7.155151e-008,-0.000189433
7.165151e-008,-0.00658919
7.175151e-008,-0.000189433
7.185151e-008,-0.00978906
7.195151e-008,-0.0129889
7.205151e-008,-0.00978906
7.215151e-008,-0.00978906
7.225151e-008,-0.0161888
7.235151e-008,-0.0129889
7.245151e-008,-0.00978906
7.255151e-008,-0.00658919
7.265151e-008,-0.00658919
7.275151e-008,-0.000189433
7.285151e-008,0.0094102
7.295151e-008,-0.000189433
7.305151e-008,-0.00658919
7.315151e-008,-0.00658919
7.325151e-008,-0.00978906
7.335151e-008,-0.00338931
7.345151e-008,0.00301044
7.355151e-008,0.00301044
7.365151e-008,0.00301044
7.375151e-008,-0.00338931
7.385151e-008,-0.0129889
7.395151e-008,-0.00338931
7.405151e-008,0.00301044
7.415151e-008,0.00301044
7.425151e-008,-0.00338931
7.435151e-008,-0.00658919
7.445151e-008,-0.00978906
7.455151e-008,-0.00978906
7.465151e-008,-0.00978906
7.475151e-008,-0.00978906
7.485151e-008,-0.00978906
7.495151e-008,-0.00978906
7.505151e-008,-0.00658919
7.515151e-008,-0.00658919
7.525151e-008,-0.00338931
7.535151e-008,-0.00338931
7.545151e-008,-0.00338931
7.555151e-008,-0.00338931
7.565151e-008,-0.00658919
7.575151e-008,-0.00658919
7.585151e-008,-0.000189433
7.595151e-008,-0.000189433
7.605151e-008,-0.000189433
7.615151e-008,-0.000189433
7.625151e-008,-0.00338931
7.635151e-008,-0.000189433
7.645151e-008,-0.00338931
7.655151e-008,-0.00338931
7.665151e-008,-0.00338931
7.675151e-008,0.00301044
7.685151e-008,0.00301044
7.695151e-008,-0.000189433
7.705151e-008,0.00301044
7.715151e-008,-0.000189433
7.725151e-008,-0.00658919
7.735151e-008,-0.0129889
7.745151e-008,-0.0129889
7.755151e-008,-0.00658919
7.765151e-008,-0.00658919
7.775151e-008,-0.000189433
7.785151e-008,-0.00658919
7.795151e-008,-0.00978906
7.805151e-008,-0.0129889
7.815151e-008,-0.0161888
7.825151e-008,-0.0193887
7.835151e-008,-0.0193887
7.845151e-008,-0.0129889
7.855151e-008,-0.00978906
7.865151e-008,-0.0129889
7.875151e-008,-0.00978906
7.885151e-008,-0.0129889
7.895151e-008,-0.00658919
7.905151e-008,-0.00658919
7.915151e-008,-0.000189433
7.925151e-008,-0.00338931
7.935151e-008,0.00301044
7.945151e-008,0.0094102
7.955151e-008,0.00621032
7.965151e-008,-0.00338931
7.975151e-008,-0.00658919
7.985151e-008,-0.00978906
7.995151e-008,-0.00658919
8.005151e-008,-0.00658919
8.015151e-008,-0.0129889
8.025151e-008,-0.0161888
8.035151e-008,-0.0129889
8.045151e-008,-0.0161888
8.055151e-008,-0.0129889
8.065151e-008,-0.00978906
8.075151e-008,-0.00658919
8.085151e-008,-0.0129889
8.095151e-008,-0.0161888
8.105151e-008,-0.0193887
8.115151e-008,-0.0193887
8.125151e-008,-0.0193887
8.135151e-008,-0.0129889
8.145151e-008,-0.00978906
8.155151e-008,-0.00658919
8.165151e-008,-0.0129889
8.175151e-008,-0.00978906
8.185151e-008,-0.00978906
8.195151e-008,-0.00658919
8.205151e-008,-0.00338931
8.215151e-008,-0.0129889
8.225151e-008,-0.00658919
8.235151e-008,-0.00978906
8.245151e-008,-0.00658919
8.255151e-008,-0.00338931
8.265151e-008,-0.000189433
8.275151e-008,-0.00658919
8.285151e-008,-0.00338931
8.295151e-008,-0.00978906
8.305151e-008,-0.00658919
8.315151e-008,-0.00978906
8.325151e-008,-0.00978906
8.335151e-008,-0.00658919
8.345151e-008,-0.00978906
8.355151e-008,-0.00978906
8.365151e-008,-0.00978906
8.375151e-008,-0.00338931
8.385151e-008,-0.00658919
8.395151e-008,-0.000189433
8.405151e-008,-0.0129889
8.415151e-008,-0.00338931
8.425151e-008,-0.00338931
8.435151e-008,-0.000189433
8.445151e-008,-0.00338931
8.455151e-008,-0.00658919
8.465151e-008,-0.00978906
8.475151e-008,-0.00658919
8.485151e-008,-0.00338931
8.495151e-008,-0.00338931
8.505151e-008,-0.00338931
8.515151e-008,0.00301044
8.525151e-008,0.00301044
8.535151e-008,-0.000189433
8.545151e-008,-0.00338931
8.555151e-008,-0.000189433
8.565151e-008,-0.00658919
8.575151e-008,-0.00338931
8.585151e-008,-0.00658919
8.595151e-008,-0.000189433
8.605151e-008,-0.00338931
8.615151e-008,-0.000189433
8.625151e-008,-0.00658919
8.635151e-008,-0.000189433
8.645151e-008,-0.00978906
8.655151e-008,-0.0129889
8.665151e-008,-0.0129889
8.675151e-008,-0.00978906
8.685151e-008,-0.0161888
8.695151e-008,-0.0193887
8.705151e-008,-0.0193887
8.715151e-008,-0.0161888
8.725151e-008,-0.00978906
8.735151e-008,-0.00338931
8.745151e-008,-0.00338931
8.755151e-008,-0.00338931
8.765151e-008,-0.00338931
8.775151e-008,-0.00338931
8.785151e-008,-0.00978906
8.795151e-008,-0.00338931
8.805151e-008,-0.00338931
8.815151e-008,-0.00978906
8.825151e-008,-0.00978906
8.835151e-008,-0.00658919
8.845151e-008,-0.00338931
8.855151e-008,-0.000189433
8.865151e-008,-0.000189433
8.875151e-008,-0.000189433
8.885151e-008,-0.000189433
8.895151e-008,0.00301044
8.905151e-008,-0.000189433
8.915151e-008,-0.00658919
8.925151e-008,-0.00978906
8.935151e-008,-0.00978906
8.945151e-008,-0.0129889
8.955151e-008,-0.00658919
8.965151e-008,-0.00978906
8.975151e-008,-0.0129889
8.985151e-008,-0.00978906
8.995151e-008,-0.0161888
9.005151e-008,-0.0161888
9.015151e-008,-0.00658919
9.025151e-008,-0.00338931
9.035151e-008,-0.000189433
9.045151e-008,-0.00338931
9.055151e-008,-0.000189433
9.065151e-008,-0.00338931
9.075151e-008,-0.00338931
9.085151e-008,-0.00338931
9.095151e-008,-0.00658919
9.105151e-008,-0.00658919
9.115151e-008,-0.000189433
9.125151e-008,-0.000189433
9.135151e-008,-0.00338931
9.145151e-008,-0.00658919
9.155151e-008,0.00301044
9.165151e-008,-0.00338931
9.175151e-008,-0.00338931
9.185151e-008,-0.00338931
9.195151e-008,-0.00338931
9.205151e-008,-0.00658919
9.215151e-008,-0.00338931
9.225151e-008,-0.00338931
9.235151e-008,-0.00338931
9.245151e-008,-0.000189433
9.255151e-008,-0.00338931
9.265151e-008,-0.00338931
9.275151e-008,-0.000189433
9.285151e-008,-0.000189433
9.295151e-008,-0.0129889
9.305151e-008,-0.00978906
9.315151e-008,-0.0129889
9.325151e-008,-0.0193887
9.335151e-008,-0.0129889
9.345151e-008,-0.00978906
9.355151e-008,-0.00658919
9.365151e-008,-0.00978906
9.375151e-008,-0.000189433
9.385151e-008,-0.00338931
9.395151e-008,-0.000189433
9.405151e-008,-0.00658919
9.415151e-008,-0.00338931
9.425151e-008,-0.000189433
9.435151e-008,0.00301044
9.445151e-008,-0.000189433
9.455151e-008,0.00301044
9.465151e-008,0.00301044
9.475151e-008,-0.000189433
9.485151e-008,-0.00658919
9.495151e-008,-0.00978906
9.505151e-008,-0.00658919
9.515151e-008,-0.00338931
9.525151e-008,-0.00658919
9.535151e-008,-0.00338931
9.545151e-008,0.00301044
9.555151e-008,-0.00658919
9.565151e-008,-0.00658919
9.575151e-008,-0.00338931
9.585151e-008,-0.00658919
9.595151e-008,-0.00978906
9.605151e-008,-0.0129889
9.615151e-008,-0.00658919
9.625151e-008,-0.00658919
9.635151e-008,-0.00338931
9.645151e-008,-0.00338931
9.655151e-008,-0.00978906
9.665151e-008,-0.00658919
9.675151e-008,-0.00658919
9.685151e-008,0.00301044
9.695151e-008,0.00301044
9.705151e-008,-0.00338931
9.715151e-008,-0.00338931
9.725151e-008,-0.000189433
9.735151e-008,-0.00338931
9.745151e-008,-0.000189433
9.755151e-008,0.00301044
9.765151e-008,-0.00338931
9.775151e-008,-0.000189433
9.785151e-008,-0.000189433
9.795151e-008,-0.00338931
9.805151e-008,-0.00658919
9.815151e-008,-0.00658919
9.825151e-008,-0.0129889
9.835151e-008,-0.0129889
9.845151e-008,-0.00978906
9.855151e-008,-0.00338931
9.865151e-008,-0.000189433
9.875151e-008,-0.00338931
9.885151e-008,-0.00978906
9.895151e-008,-0.00338931
9.905151e-008,-0.00978906
9.915151e-008,-0.00978906
9.925151e-008,-0.00338931
9.935151e-008,-0.000189433
9.945151e-008,-0.00658919
9.955151e-008,-0.00658919
9.965151e-008,-0.0129889
9.975151e-008,-0.0129889
9.985151e-008,-0.0129889
9.995151e-008,-0.00658919
1.000515e-007,-0.00658919
1.001515e-007,-0.00978906
1.002515e-007,-0.00978906
1.003515e-007,-0.00978906
1.004515e-007,-0.00658919
1.005515e-007,-0.00338931
1.006515e-007,-0.000189433
1.007515e-007,-0.000189433
1.008515e-007,-0.00338931
1.009515e-007,-0.00338931
1.010515e-007,-0.000189433
1.011515e-007,-0.00338931
1.012515e-007,-0.00658919
1.013515e-007,-0.000189433
1.014515e-007,-0.00338931
1.015515e-007,-0.00338931
1.016515e-007,-0.00978906
1.017515e-007,-0.00338931
1.018515e-007,-0.00658919
1.019515e-007,-0.00338931
1.020515e-007,-0.000189433
1.021515e-007,-0.00338931
1.022515e-007,-0.00658919
1.023515e-007,-0.00338931
1.024515e-007,-0.00978906
1.025515e-007,-0.00658919
1.026515e-007,-0.0129889
1.027515e-007,-0.00978906
1.028515e-007,-0.00978906
1.029515e-007,-0.00658919
1.030515e-007,-0.00978906
1.031515e-007,-0.00658919
1.032515e-007,-0.00658919
1.033515e-007,-0.00338931
1.034515e-007,0.00301044
1.035515e-007,0.00301044
1.036515e-007,-0.00338931
1.037515e-007,-0.00338931
1.038515e-007,-0.00338931
1.039515e-007,-0.00338931
1.040515e-007,-0.0129889
1.041515e-007,-0.00658919
1.042515e-007,-0.00978906
1.043515e-007,-0.00658919
1.044515e-007,-0.0129889
1.045515e-007,-0.00658919
1.046515e-007,-0.00658919
1.047515e-007,-0.00658919
1.048515e-007,-0.00978906
1.049515e-007,-0.00978906
1.050515e-007,-0.00658919
1.051515e-007,-0.00658919
1.052515e-007,-0.00338931
1.053515e-007,-0.00338931
1.054515e-007,-0.00658919
1.055515e-007,0.00301044
1.056515e-007,-0.00658919
1.057515e-007,-0.00338931
1.058515e-007,-0.00338931
1.059515e-007,-0.000189433
1.060515e-007,-0.00658919
1.061515e-007,-0.00978906
1.062515e-007,-0.000189433
1.063515e-007,-0.00338931
1.064515e-007,-0.00658919
1.065515e-007,-0.00338931
1.066515e-007,-0.00978906
1.067515e-007,-0.00338931
1.068515e-007,-0.00978906
1.069515e-007,-0.00338931
1.070515e-007,-0.000189433
1.071515e-007,-0.000189433
1.072515e-007,0.00301044
1.073515e-007,0.00301044
1.074515e-007,-0.000189433
1.075515e-007,-0.00338931
1.076515e-007,-0.00658919
1.077515e-007,-0.00338931
1.078515e-007,-0.00978906
1.079515e-007,-0.00658919
1.080515e-007,-0.00338931
1.081515e-007,0.00301044
1.082515e-007,0.00301044
1.083515e-007,0.00301044
1.084515e-007,-0.000189433
1.085515e-007,-0.00338931
1.086515e-007,-0.00338931
1.087515e-007,-0.00338931
1.088515e-007,-0.00978906
1.089515e-007,-0.00658919
1.090515e-007,-0.00658919
1.091515e-007,-0.00658919
1.092515e-007,-0.0129889
1.093515e-007,-0.00658919
1.094515e-007,-0.00978906
1.095515e-007,-0.00338931
1.096515e-007,-0.00658919
1.097515e-007,-0.00978906
1.098515e-007,-0.00978906
1.099515e-007,-0.0129889
1.100515e-007,-0.00338931
1.101515e-007,0.00301044
1.102515e-007,-0.00658919
1.103515e-007,-0.000189433
1.104515e-007,-0.000189433
1.105515e-007,-0.00978906
1.106515e-007,-0.00978906
1.107515e-007,-0.000189433
1.108515e-007,-0.000189433
1.109515e-007,-0.000189433
1.110515e-007,-0.00338931
1.111515e-007,-0.00658919
1.112515e-007,-0.00338931
1.113515e-007,0.00301044
1.114515e-007,-0.00658919
1.115515e-007,-0.00338931
1.116515e-007,-0.000189433
1.117515e-007,0.00301044
1.118515e-007,-0.000189433
1.119515e-007,0.00301044
1.120515e-007,-0.00338931
1.121515e-007,-0.00658919
1.122515e-007,-0.00338931
1.123515e-007,-0.00658919
1.124515e-007,-0.00978906
1.125515e-007,-0.00978906
1.126515e-007,-0.0161888
1.127515e-007,-0.0193887
1.128515e-007,-0.0161888
1.129515e-007,-0.00658919
1.130515e-007,-0.00978906
1.131515e-007,-0.00658919
1.132515e-007,-0.00658919
1.133515e-007,-0.00658919
1.134515e-007,-0.00978906
1.135515e-007,-0.000189433
1.136515e-007,-0.00338931
1.137515e-007,-0.000189433
1.138515e-007,-0.00658919
1.139515e-007,-0.00658919
1.140515e-007,-0.00658919
1.141515e-007,-0.00338931
1.142515e-007,-0.00338931
1.143515e-007,-0.00338931
1.144515e-007,-0.00658919
1.145515e-007,-0.00338931
1.146515e-007,-0.000189433
1.147515e-007,-0.00658919
1.148515e-007,-0.00658919
1.149515e-007,-0.00658919
1.150515e-007,-0.0129889
1.151515e-007,-0.0161888
1.152515e-007,-0.0161888
1.153515e-007,-0.00658919
1.154515e-007,-0.00338931
1.155515e-007,0.00301044
1.156515e-007,-0.00338931
1.157515e-007,-0.00658919
1.158515e-007,-0.00658919
1.159515e-007,-0.00978906
1.160515e-007,-0.00978906
1.161515e-007,-0.000189433
1.162515e-007,-0.00658919
1.163515e-007,0.00301044
1.164515e-007,-0.00658919
1.165515e-007,0.00301044
1.166515e-007,0.00301044
1.167515e-007,0.00301044
1.168515e-007,0.00301044
1.169515e-007,0.00621032
1.170515e-007,-0.000189433
1.171515e-007,-0.00338931
1.172515e-007,-0.00338931
1.173515e-007,-0.00338931
1.174515e-007,-0.00658919
1.175515e-007,-0.00338931
1.176515e-007,-0.00658919
1.177515e-007,-0.000189433
1.178515e-007,-0.00978906
1.179515e-007,-0.00978906
1.180515e-007,-0.0193887
1.181515e-007,-0.0129889
1.182515e-007,-0.00978906
1.183515e-007,-0.0129889
1.184515e-007,-0.0129889
1.185515e-007,-0.00658919
1.186515e-007,-0.00658919
1.187515e-007,-0.00978906
1.188515e-007,-0.0161888
1.189515e-007,-0.00978906
1.190515e-007,-0.00978906
1.191515e-007,-0.00978906
1.192515e-007,-0.00338931
1.193515e-007,-0.000189433
1.194515e-007,0.00301044
1.195515e-007,0.0094102
1.196515e-007,0.00621032
1.197515e-007,0.00621032
1.198515e-007,-0.000189433
1.199515e-007,-0.00658919
1.200515e-007,-0.00338931
1.201515e-007,0.00301044
1.202515e-007,0.00301044
1.203515e-007,0.00301044
1.204515e-007,-0.00338931
1.205515e-007,-0.00658919
1.206515e-007,-0.00978906
1.207515e-007,-0.00658919
1.208515e-007,-0.00338931
1.209515e-007,-0.00658919
1.210515e-007,-0.0129889
1.211515e-007,-0.00978906
1.212515e-007,-0.00978906
1.213515e-007,-0.00658919
1.214515e-007,-0.0161888
1.215515e-007,-0.0129889
1.216515e-007,-0.0129889
1.217515e-007,-0.00978906
1.218515e-007,-0.00978906
1.219515e-007,-0.00658919
1.220515e-007,-0.00658919
1.221515e-007,-0.00338931
1.222515e-007,-0.000189433
1.223515e-007,0.00301044
1.224515e-007,-0.00338931
1.225515e-007,-0.00658919
1.226515e-007,-0.000189433
1.227515e-007,-0.000189433
1.228515e-007,-0.000189433
1.229515e-007,-0.000189433
1.230515e-007,-0.00338931
1.231515e-007,-0.00338931
1.232515e-007,-0.00658919
1.233515e-007,-0.00658919
1.234515e-007,-0.00338931
1.235515e-007,-0.00338931
1.236515e-007,-0.00338931
1.237515e-007,-0.00658919
1.238515e-007,-0.00658919
1.239515e-007,-0.00658919
1.240515e-007,-0.00658919
1.241515e-007,-0.000189433
1.242515e-007,0.00301044
1.243515e-007,0.00301044
1.244515e-007,-0.000189433
1.245515e-007,-0.00338931
1.246515e-007,-0.00658919
1.247515e-007,0.00301044
1.248515e-007,-0.000189433
1.249515e-007,-0.000189433
1.250515e-007,-0.00338931
1.251515e-007,-0.000189433
1.252515e-007,-0.00338931
1.253515e-007,0.00621032
1.254515e-007,0.00301044
1.255515e-007,-0.00338931
1.256515e-007,-0.00658919
1.257515e-007,-0.000189433
1.258515e-007,-0.000189433
1.259515e-007,0.0126101
1.260515e-007,0.00621032
1.261515e-007,-0.000189433
1.262515e-007,-0.00338931
1.263515e-007,-0.00338931
1.264515e-007,-0.00658919
1.265515e-007,-0.00338931
1.266515e-007,-0.00658919
1.267515e-007,-0.00658919
1.268515e-007,-0.00658919
1.269515e-007,-0.000189433
1.270515e-007,-0.00658919
1.271515e-007,-0.00658919
1.272515e-007,-0.00978906
1.273515e-007,-0.00338931
1.274515e-007,-0.00338931
1.275515e-007,-0.00338931
1.276515e-007,-0.00338931
1.277515e-007,-0.00658919
1.278515e-007,-0.00978906
1.279515e-007,-0.0129889
1.280515e-007,-0.00658919
1.281515e-007,0.00301044
1.282515e-007,-0.00338931
1.283515e-007,-0.000189433
1.284515e-007,-0.00978906
1.285515e-007,-0.000189433
1.286515e-007,-0.00338931
1.287515e-007,-0.00338931
1.288515e-007,-0.00338931
1.289515e-007,-0.000189433
1.290515e-007,-0.00978906
1.291515e-007,-0.000189433
1.292515e-007,-0.00338931
1.293515e-007,0.00301044
1.294515e-007,-0.00338931
1.295515e-007,-0.00338931
1.296515e-007,-0.00978906
1.297515e-007,-0.00338931
1.298515e-007,-0.00338931
1.299515e-007,0.00301044
1.300515e-007,-0.000189433
1.301515e-007,-0.00978906
1.302515e-007,-0.00658919
1.303515e-007,-0.00338931
1.304515e-007,0.00301044
1.305515e-007,0.00301044
1.306515e-007,0.00301044
1.307515e-007,0.00301044
1.308515e-007,0.00301044
1.309515e-007,-0.000189433
1.310515e-007,-0.00338931
1.311515e-007,-0.000189433
1.312515e-007,-0.0129889
1.313515e-007,-0.0129889
1.314515e-007,-0.00658919
1.315515e-007,-0.00338931
1.316515e-007,-0.00338931
1.317515e-007,-0.00338931
1.318515e-007,-0.0161888
1.319515e-007,-0.0161888
1.320515e-007,-0.00338931
1.321515e-007,-0.00338931
1.322515e-007,-0.00658919
1.323515e-007,-0.00338931
1.324515e-007,-0.00338931
1.325515e-007,0.00301044
1.326515e-007,0.00621032
1.327515e-007,0.00301044
1.328515e-007,-0.00338931
1.329515e-007,-0.000189433
1.330515e-007,-0.00658919
1.331515e-007,-0.00338931
1.332515e-007,-0.00338931
1.333515e-007,-0.00338931
1.334515e-007,-0.00658919
1.335515e-007,-0.00658919
1.336515e-007,-0.00658919
1.337515e-007,-0.00658919
1.338515e-007,-0.00658919
1.339515e-007,-0.00338931
1.340515e-007,-0.00658919
1.341515e-007,-0.00338931
1.342515e-007,-0.00658919
1.343515e-007,-0.00338931
1.344515e-007,-0.000189433
1.345515e-007,-0.00658919
1.346515e-007,-0.00338931
1.347515e-007,-0.000189433
1.348515e-007,-0.00338931
1.349515e-007,-0.00338931
1.350515e-007,-0.00338931
1.351515e-007,-0.00658919
1.352515e-007,-0.00658919
1.353515e-007,-0.00338931
1.354515e-007,-0.00658919
1.355515e-007,-0.00658919
1.356515e-007,-0.00658919
1.357515e-007,-0.00338931
1.358515e-007,-0.00338931
1.359515e-007,-0.000189433
1.360515e-007,-0.00658919
1.361515e-007,-0.000189433
1.362515e-007,-0.00658919
1.363515e-007,-0.00658919
1.364515e-007,-0.00978906
1.365515e-007,-0.00338931
1.366515e-007,-0.00338931
1.367515e-007,-0.00978906
1.368515e-007,-0.0129889
1.369515e-007,-0.00338931
1.370515e-007,-0.00658919
1.371515e-007,-0.00658919
1.372515e-007,-0.00978906
1.373515e-007,-0.0129889
1.374515e-007,-0.0161888
1.375515e-007,-0.0193887
1.376515e-007,-0.0225886
1.377515e-007,-0.0225886
1.378515e-007,-0.0193887
1.379515e-007,-0.00658919
1.380515e-007,0.00301044
1.381515e-007,-0.00658919
1.382515e-007,-0.00338931
1.383515e-007,-0.000189433
1.384515e-007,-0.00338931
1.385515e-007,-0.00338931
1.386515e-007,-0.0161888
1.387515e-007,-0.0129889
1.388515e-007,-0.00978906
1.389515e-007,-0.00338931
1.390515e-007,-0.00338931
1.391515e-007,-0.00338931
1.392515e-007,-0.00658919
1.393515e-007,-0.00978906
1.394515e-007,-0.00658919
1.395515e-007,0.00301044
1.396515e-007,-0.000189433
1.397515e-007,0.00621032
1.398515e-007,0.00301044
1.399515e-007,0.00301044
1.400515e-007,0.00621032
1.401515e-007,0.0094102
1.402515e-007,-0.000189433
1.403515e-007,-0.0129889
1.404515e-007,-0.0161888
1.405515e-007,-0.0129889
1.406515e-007,-0.0193887
1.407515e-007,-0.00978906
1.408515e-007,-0.00978906
1.409515e-007,-0.00978906
1.410515e-007,-0.00338931
1.411515e-007,-0.00338931
1.412515e-007,0.00301044
1.413515e-007,0.00621032
1.414515e-007,0.00621032
1.415515e-007,-0.00338931
1.416515e-007,0.00301044
1.417515e-007,0.00301044
1.418515e-007,0.00621032
1.419515e-007,0.00621032
1.420515e-007,0.0126101
1.421515e-007,0.00301044
1.422515e-007,0.00301044
1.423515e-007,0.00621032
1.424515e-007,-0.000189433
1.425515e-007,-0.000189433
1.426515e-007,-0.000189433
1.427515e-007,-0.000189433
1.428515e-007,-0.00978906
1.429515e-007,-0.00978906
1.430515e-007,-0.00978906
1.431515e-007,-0.00338931
1.432515e-007,-0.000189433
1.433515e-007,-0.000189433
1.434515e-007,0.00301044
1.435515e-007,-0.000189433
1.436515e-007,-0.00658919
1.437515e-007,-0.00338931
1.438515e-007,-0.00338931
1.439515e-007,-0.00338931
1.440515e-007,-0.00978906
1.441515e-007,-0.00658919
1.442515e-007,-0.00658919
1.443515e-007,-0.00338931
1.444515e-007,0.00301044
1.445515e-007,-0.000189433
1.446515e-007,-0.000189433
1.447515e-007,-0.000189433
1.448515e-007,-0.000189433
1.449515e-007,-0.00338931
1.450515e-007,-0.00978906
1.451515e-007,-0.00338931
1.452515e-007,-0.000189433
1.453515e-007,-0.00338931
1.454515e-007,-0.00658919
1.455515e-007,-0.00658919
1.456515e-007,-0.00978906
1.457515e-007,-0.00338931
1.458515e-007,-0.0129889
1.459515e-007,-0.0129889
1.460515e-007,-0.0129889
1.461515e-007,-0.00978906
1.462515e-007,-0.00978906
1.463515e-007,-0.00338931
1.464515e-007,-0.0129889
1.465515e-007,-0.00978906
1.466515e-007,-0.0129889
1.467515e-007,-0.00658919
1.468515e-007,-0.00658919
1.469515e-007,-0.0161888
1.470515e-007,-0.0161888
1.471515e-007,-0.0129889
1.472515e-007,-0.00338931
1.473515e-007,-0.00338931
1.474515e-007,-0.00658919
1.475515e-007,-0.00658919
1.476515e-007,-0.00338931
1.477515e-007,-0.00338931
1.478515e-007,-0.00658919
1.479515e-007,0.00621032
1.480515e-007,0.0126101
1.481515e-007,0.0094102
1.482515e-007,0.00621032
1.483515e-007,0.00621032
1.484515e-007,-0.00338931
1.485515e-007,-0.00338931
1.486515e-007,-0.000189433
1.487515e-007,-0.00658919
1.488515e-007,-0.00338931
1.489515e-007,-0.00338931
1.490515e-007,-0.00338931
1.491515e-007,-0.00978906
1.492515e-007,-0.0129889
1.493515e-007,-0.00978906
1.494515e-007,-0.00978906
1.495515e-007,-0.0129889
1.496515e-007,-0.00658919
1.497515e-007,-0.000189433
1.498515e-007,-0.00658919
1.499515e-007,-0.00338931
1.500515e-007,-0.00338931
1.501515e-007,-0.00338931
1.502515e-007,-0.00978906
1.503515e-007,-0.00658919
1.504515e-007,-0.00658919
1.505515e-007,-0.00658919
1.506515e-007,-0.00338931
1.507515e-007,-0.00338931
1.508515e-007,-0.00658919
1.509515e-007,0.00301044
1.510515e-007,0.00301044
1.511515e-007,0.00621032
1.512515e-007,-0.000189433
1.513515e-007,-0.000189433
1.514515e-007,-0.00338931
1.515515e-007,0.00621032
1.516515e-007,-0.00338931
1.517515e-007,-0.00338931
1.518515e-007,-0.00658919
1.519515e-007,-0.0129889
1.520515e-007,-0.0129889
1.521515e-007,-0.0129889
1.522515e-007,-0.0129889
1.523515e-007,-0.00978906
1.524515e-007,-0.0161888
1.525515e-007,-0.0129889
1.526515e-007,-0.00978906
1.527515e-007,-0.00338931
1.528515e-007,-0.00658919
1.529515e-007,-0.00978906
1.530515e-007,-0.00978906
1.531515e-007,-0.00978906
1.532515e-007,-0.00338931
1.533515e-007,-0.00338931
1.534515e-007,-0.00338931
1.535515e-007,-0.00978906
1.536515e-007,-0.0129889
1.537515e-007,-0.00658919
1.538515e-007,-0.00338931
1.539515e-007,-0.000189433
1.540515e-007,-0.00658919
1.541515e-007,-0.00338931
1.542515e-007,-0.00338931
1.543515e-007,-0.00658919
1.544515e-007,-0.00658919
1.545515e-007,-0.00658919
1.546515e-007,-0.00978906
1.547515e-007,-0.00658919
1.548515e-007,-0.00338931
1.549515e-007,-0.00338931
1.550515e-007,0.00621032
1.551515e-007,-0.000189433
1.552515e-007,-0.00978906
1.553515e-007,-0.00658919
1.554515e-007,-0.0161888
1.555515e-007,-0.00658919
1.556515e-007,-0.00338931
1.557515e-007,-0.00338931
1.558515e-007,-0.00338931
1.559515e-007,-0.00658919
1.560515e-007,-0.00658919
1.561515e-007,-0.00338931
1.562515e-007,-0.00338931
1.563515e-007,-0.00338931
1.564515e-007,-0.00978906
1.565515e-007,-0.00658919
1.566515e-007,-0.0161888
1.567515e-007,-0.00658919
1.568515e-007,-0.00658919
1.569515e-007,-0.00338931
1.570515e-007,-0.00338931
1.571515e-007,-0.000189433
1.572515e-007,-0.00338931
1.573515e-007,-0.00338931
1.574515e-007,0.00621032
1.575515e-007,0.00621032
1.576515e-007,0.0094102
1.577515e-007,-0.000189433
1.578515e-007,-0.00338931
1.579515e-007,-0.00978906
1.580515e-007,-0.00978906
1.581515e-007,-0.00338931
1.582515e-007,-0.00338931
1.583515e-007,-0.00658919
1.584515e-007,-0.00978906
1.585515e-007,-0.00658919
1.586515e-007,-0.00978906
1.587515e-007,-0.00338931
1.588515e-007,-0.00338931
1.589515e-007,-0.00658919
1.590515e-007,-0.00978906
1.591515e-007,-0.00978906
1.592515e-007,-0.00978906
1.593515e-007,-0.00978906
1.594515e-007,-0.0161888
1.595515e-007,-0.0161888
1.596515e-007,-0.0193887
1.597515e-007,-0.00978906
1.598515e-007,-0.00658919
1.599515e-007,-0.000189433
1.600515e-007,-0.00338931
1.601515e-007,-0.00338931
1.602515e-007,-0.00978906
1.603515e-007,-0.0129889
1.604515e-007,-0.00978906
1.605515e-007,-0.00978906
1.606515e-007,-0.00658919
1.607515e-007,-0.00338931
1.608515e-007,-0.0129889
1.609515e-007,-0.00658919
1.610515e-007,-0.000189433
1.611515e-007,0.00621032
1.612515e-007,0.00301044
1.613515e-007,-0.000189433
1.614515e-007,-0.000189433
1.615515e-007,-0.000189433
1.616515e-007,0.00301044
1.617515e-007,0.00301044
1.618515e-007,-0.00338931
1.619515e-007,-0.00658919
1.620515e-007,-0.00658919
1.621515e-007,-0.00658919
1.622515e-007,-0.00658919
1.623515e-007,-0.00978906
1.624515e-007,-0.0129889
1.625515e-007,-0.0129889
1.626515e-007,-0.00338931
1.627515e-007,-0.00658919
1.628515e-007,-0.00978906
1.629515e-007,-0.00978906
1.630515e-007,-0.00978906
1.631515e-007,-0.00658919
1.632515e-007,-0.00338931
1.633515e-007,-0.00658919
1.634515e-007,-0.00978906
1.635515e-007,-0.00658919
1.636515e-007,-0.00338931
1.637515e-007,-0.00338931
1.638515e-007,-0.00978906
1.639515e-007,-0.00978906
1.640515e-007,-0.00338931
1.641515e-007,-0.00658919
1.642515e-007,-0.00978906
1.643515e-007,-0.00338931
1.644515e-007,-0.00658919
1.645515e-007,-0.00658919
1.646515e-007,-0.00338931
1.647515e-007,0.00301044
1.648515e-007,-0.00338931
1.649515e-007,-0.00658919
1.650515e-007,-0.00978906
1.651515e-007,-0.00978906
1.652515e-007,-0.00338931
1.653515e-007,0.00301044
1.654515e-007,-0.00338931
1.655515e-007,-0.00658919
1.656515e-007,-0.00658919
1.657515e-007,-0.00338931
1.658515e-007,-0.000189433
1.659515e-007,-0.000189433
1.660515e-007,-0.00978906
1.661515e-007,-0.0161888
1.662515e-007,-0.0129889
1.663515e-007,-0.00338931
1.664515e-007,-0.00658919
1.665515e-007,-0.000189433
1.666515e-007,0.00301044
1.667515e-007,0.00621032
1.668515e-007,0.00621032
1.669515e-007,-0.000189433
1.670515e-007,0.00301044
1.671515e-007,0.00301044
1.672515e-007,0.00301044
1.673515e-007,0.00301044
1.674515e-007,-0.0129889
1.675515e-007,-0.00658919
1.676515e-007,-0.00978906
1.677515e-007,-0.00978906
1.678515e-007,-0.00978906
1.679515e-007,-0.00978906
1.680515e-007,-0.00978906
1.681515e-007,-0.0161888
1.682515e-007,-0.0129889
1.683515e-007,-0.0129889
1.684515e-007,-0.0129889
1.685515e-007,-0.00978906
1.686515e-007,-0.00978906
1.687515e-007,-0.000189433
1.688515e-007,-0.00338931
1.689515e-007,-0.00978906
1.690515e-007,-0.00658919
1.691515e-007,-0.00338931
1.692515e-007,-0.00978906
1.693515e-007,-0.0129889
1.694515e-007,-0.00658919
1.695515e-007,-0.00658919
1.696515e-007,-0.00978906
1.697515e-007,-0.00338931
1.698515e-007,-0.00978906
1.699515e-007,-0.000189433
1.700515e-007,-0.00338931
1.701515e-007,0.00301044
1.702515e-007,0.00301044
1.703515e-007,0.00621032
1.704515e-007,-0.000189433
1.705515e-007,0.00301044
1.706515e-007,-0.00658919
1.707515e-007,0.00301044
1.708515e-007,-0.000189433
1.709515e-007,-0.000189433
1.710515e-007,-0.000189433
1.711515e-007,-0.00338931
1.712515e-007,-0.00978906
1.713515e-007,-0.0129889
1.714515e-007,-0.0161888
1.715515e-007,-0.0129889
1.716515e-007,-0.0161888
1.717515e-007,-0.00978906
1.718515e-007,-0.00658919
1.719515e-007,-0.00658919
1.720515e-007,-0.0129889
1.721515e-007,-0.0129889
1.722515e-007,-0.0129889
1.723515e-007,-0.00658919
1.724515e-007,-0.00338931
1.725515e-007,-0.00338931
1.726515e-007,-0.00338931
1.727515e-007,0.00301044
1.728515e-007,0.00301044
1.729515e-007,-0.00338931
1.730515e-007,-0.00338931
1.731515e-007,-0.00658919
1.732515e-007,-0.00658919
1.733515e-007,0.00301044
1.734515e-007,0.00621032
1.735515e-007,-0.000189433
1.736515e-007,-0.00658919
1.737515e-007,-0.00658919
1.738515e-007,-0.00338931
1.739515e-007,-0.000189433
1.740515e-007,-0.000189433
1.741515e-007,-0.00338931
1.742515e-007,-0.00338931
1.743515e-007,-0.00338931
1.744515e-007,-0.00658919
1.745515e-007,-0.00658919
1.746515e-007,-0.00658919
1.747515e-007,-0.00338931
1.748515e-007,-0.00338931
1.749515e-007,-0.000189433
1.750515e-007,-0.00338931
1.751515e-007,-0.00338931
1.752515e-007,-0.00978906
1.753515e-007,-0.00978906
1.754515e-007,-0.0129889
1.755515e-007,-0.00978906
1.756515e-007,-0.0161888
1.757515e-007,-0.0129889
1.758515e-007,-0.00978906
1.759515e-007,-0.00338931
1.760515e-007,-0.00338931
1.761515e-007,-0.00338931
1.762515e-007,-0.000189433
1.763515e-007,-0.00658919
1.764515e-007,-0.00658919
1.765515e-007,-0.00978906
1.766515e-007,-0.00978906
1.767515e-007,-0.000189433
1.768515e-007,-0.00658919
1.769515e-007,-0.000189433
1.770515e-007,-0.00338931
1.771515e-007,-0.00978906
1.772515e-007,-0.00978906
1.773515e-007,-0.00658919
1.774515e-007,-0.00658919
1.775515e-007,-0.00658919
1.776515e-007,-0.00338931
1.777515e-007,-0.00338931
1.778515e-007,0.00301044
1.779515e-007,0.00301044
1.780515e-007,-0.00338931
1.781515e-007,-0.00658919
1.782515e-007,-0.00978906
1.783515e-007,-0.00658919
1.784515e-007,-0.00338931
